[l01_escape]
wolf_cellar = -202.51559448242, -22.406820297241, -128.50105285645, 50425, 58
campfire_cellar = -212.74603271484, -23.182645797729, -123.44918823242, 40608, 59
bordedup_house_cellar = -217.36611938477, -22.050138473511, -158.81372070313, 34720, 47
cellar_pribois_house = -186.09535217285, -21.539684295654, -130.98773193359, 64958, 56
sids_bunker = -246.69151306152, -24.793611526489, -134.21151733398, 11713, 4
tolik_road_under_bridge = -51.058940887451, -10.039136886597, -62.444526672363, 228458, 77

[l02_garbage]
seriy_hangar = -85.336975097656, 0.42297193408012, 8.6669759750366, 122116, 328

[l03_agroprom]
moles_building_factory = 39.312995910645, 2.4998497962952, -12.129173278809, 277414, 663

[l04_darkvalley]
x18_entrance = 124.03356933594, -2.8389241695404, -274.14126586914, 320890, 812
bandits_base_prisoner_cellar = 41.37589263916, -2.4998028278351, -46.113620758057, 226222, 1092
bandits_base_gate_building_cellar = 30.53816986084, -2.9203131198883, 0.54329651594162, 212160, 1025

[l05_bar]
bar_100rad = 133.6343536377, -4.8256869316101, 23.51261138916, 36503, 1237
voronin_bunker = 226.00326538086, -5.4481978416443, 134.3201751709, 57241, 1199

[l06_rostok]
traincar = -251.71664428711, 1.3791638612747, 12.640651702881, 8965, 1424
electro_tunnel = -261.1882019043, -4.49822473526, 96.670013427734, 6932, 1359

[l07_military]
lukash_hq_building = -21.331499099731, -7.3810467720032, -24.498886108398, 286159, 1593
murks_house_blood_village = -228.89605712891, -21.776815414429, 196.32125854492, 102256, 1765
snitch_house = -191.47584533691, -16.036794662476, 371.75732421875, 133552, 1859

[l08_yantar]
sakharov_bunker = 32.27758026123, -11.723957061768, -276.82574462891, 54981, 1480

[l10_radar]
radar_hill_bunker = 660.84741210938, -43.880989074707, 172.84378051758, 227097, 1914
radar_x10_entrance = 127.15046691895, -8.8114042282104, -24.225940704346, 51000, 1974
radar_code_door = 303.42651367188, -39.134948730469, -23.864274978638, 67298, 1930

[l11_pripyat]
underground_carpark = 84.15943145752, -7.3923583030701, 19.188716888428, 195512, 2227
snork_tunnel = 171.12715148926, -5.5356969833374, 71.785781860352, 253276, 2145
charon_cellar = -4.9743604660034, -5.1612954139709, 193.66796875, 96172, 2195
street_tunnel = -14.788644790649, -5.5358924865723, 68.669700622559, 84589, 2165

[l12_stancia]
uaz_squad_camp = 280.16748046875, -0.00024589896202087, 220.18872070313, 116204, 2350
stancia_hangar = 387.62890625, 0.14850783348083, 10.222102165222, 168924, 2384

[l12_stancia_2]
stancia2_heli = 157.33317565918, -2.3493444919586, 300.20230102539, 68433, 2546
stancia2_antenna = 495.70947265625, 11.847479820251, 300.25735473633, 169799, 2610
stancia2_entrance = 943.59356689453, 1.193302154541, 69.97762298584, 254590, 2646

[l03u_agr_underground]

[l04u_labx18]

[l08u_brainlab]

[l10u_bunker]

[l12u_control_monolith]

[l12u_sarcofag]
